{
 "cells": [
  {
   "cell_type": "code",
   "execution_count": 1,
   "id": "5fdd2cba",
   "metadata": {},
   "outputs": [],
   "source": [
    "import pandas as pd\n",
    "import numpy as np"
   ]
  },
  {
   "cell_type": "code",
   "execution_count": 5,
   "id": "e1d39e46",
   "metadata": {},
   "outputs": [],
   "source": [
    "df = pd.read_csv('./data/heart_disease.csv')"
   ]
  },
  {
   "cell_type": "code",
   "execution_count": 8,
   "id": "72f891da",
   "metadata": {},
   "outputs": [],
   "source": [
    "df.drop(columns = 'Unnamed: 0', inplace = True)"
   ]
  },
  {
   "cell_type": "code",
   "execution_count": 9,
   "id": "3de0c38e",
   "metadata": {},
   "outputs": [
    {
     "data": {
      "text/html": [
       "<div>\n",
       "<style scoped>\n",
       "    .dataframe tbody tr th:only-of-type {\n",
       "        vertical-align: middle;\n",
       "    }\n",
       "\n",
       "    .dataframe tbody tr th {\n",
       "        vertical-align: top;\n",
       "    }\n",
       "\n",
       "    .dataframe thead th {\n",
       "        text-align: right;\n",
       "    }\n",
       "</style>\n",
       "<table border=\"1\" class=\"dataframe\">\n",
       "  <thead>\n",
       "    <tr style=\"text-align: right;\">\n",
       "      <th></th>\n",
       "      <th>Age</th>\n",
       "      <th>Sex</th>\n",
       "      <th>ChestPainType</th>\n",
       "      <th>RestingBP</th>\n",
       "      <th>Cholesterol</th>\n",
       "      <th>FastingBS</th>\n",
       "      <th>RestingECG</th>\n",
       "      <th>MaxHR</th>\n",
       "      <th>ExerciseAngina</th>\n",
       "      <th>Oldpeak</th>\n",
       "      <th>ST_Slope</th>\n",
       "      <th>HeartDisease</th>\n",
       "    </tr>\n",
       "  </thead>\n",
       "  <tbody>\n",
       "    <tr>\n",
       "      <th>0</th>\n",
       "      <td>40</td>\n",
       "      <td>1</td>\n",
       "      <td>1</td>\n",
       "      <td>140</td>\n",
       "      <td>289</td>\n",
       "      <td>0</td>\n",
       "      <td>1</td>\n",
       "      <td>172</td>\n",
       "      <td>0</td>\n",
       "      <td>0.0</td>\n",
       "      <td>2</td>\n",
       "      <td>0</td>\n",
       "    </tr>\n",
       "    <tr>\n",
       "      <th>1</th>\n",
       "      <td>49</td>\n",
       "      <td>0</td>\n",
       "      <td>2</td>\n",
       "      <td>160</td>\n",
       "      <td>180</td>\n",
       "      <td>0</td>\n",
       "      <td>1</td>\n",
       "      <td>156</td>\n",
       "      <td>0</td>\n",
       "      <td>1.0</td>\n",
       "      <td>1</td>\n",
       "      <td>1</td>\n",
       "    </tr>\n",
       "    <tr>\n",
       "      <th>2</th>\n",
       "      <td>37</td>\n",
       "      <td>1</td>\n",
       "      <td>1</td>\n",
       "      <td>130</td>\n",
       "      <td>283</td>\n",
       "      <td>0</td>\n",
       "      <td>2</td>\n",
       "      <td>98</td>\n",
       "      <td>0</td>\n",
       "      <td>0.0</td>\n",
       "      <td>2</td>\n",
       "      <td>0</td>\n",
       "    </tr>\n",
       "    <tr>\n",
       "      <th>3</th>\n",
       "      <td>48</td>\n",
       "      <td>0</td>\n",
       "      <td>0</td>\n",
       "      <td>138</td>\n",
       "      <td>214</td>\n",
       "      <td>0</td>\n",
       "      <td>1</td>\n",
       "      <td>108</td>\n",
       "      <td>1</td>\n",
       "      <td>1.5</td>\n",
       "      <td>1</td>\n",
       "      <td>1</td>\n",
       "    </tr>\n",
       "    <tr>\n",
       "      <th>4</th>\n",
       "      <td>54</td>\n",
       "      <td>1</td>\n",
       "      <td>2</td>\n",
       "      <td>150</td>\n",
       "      <td>195</td>\n",
       "      <td>0</td>\n",
       "      <td>1</td>\n",
       "      <td>122</td>\n",
       "      <td>0</td>\n",
       "      <td>0.0</td>\n",
       "      <td>2</td>\n",
       "      <td>0</td>\n",
       "    </tr>\n",
       "    <tr>\n",
       "      <th>...</th>\n",
       "      <td>...</td>\n",
       "      <td>...</td>\n",
       "      <td>...</td>\n",
       "      <td>...</td>\n",
       "      <td>...</td>\n",
       "      <td>...</td>\n",
       "      <td>...</td>\n",
       "      <td>...</td>\n",
       "      <td>...</td>\n",
       "      <td>...</td>\n",
       "      <td>...</td>\n",
       "      <td>...</td>\n",
       "    </tr>\n",
       "    <tr>\n",
       "      <th>913</th>\n",
       "      <td>45</td>\n",
       "      <td>1</td>\n",
       "      <td>3</td>\n",
       "      <td>110</td>\n",
       "      <td>264</td>\n",
       "      <td>0</td>\n",
       "      <td>1</td>\n",
       "      <td>132</td>\n",
       "      <td>0</td>\n",
       "      <td>1.2</td>\n",
       "      <td>1</td>\n",
       "      <td>1</td>\n",
       "    </tr>\n",
       "    <tr>\n",
       "      <th>914</th>\n",
       "      <td>68</td>\n",
       "      <td>1</td>\n",
       "      <td>0</td>\n",
       "      <td>144</td>\n",
       "      <td>193</td>\n",
       "      <td>1</td>\n",
       "      <td>1</td>\n",
       "      <td>141</td>\n",
       "      <td>0</td>\n",
       "      <td>3.4</td>\n",
       "      <td>1</td>\n",
       "      <td>1</td>\n",
       "    </tr>\n",
       "    <tr>\n",
       "      <th>915</th>\n",
       "      <td>57</td>\n",
       "      <td>1</td>\n",
       "      <td>0</td>\n",
       "      <td>130</td>\n",
       "      <td>131</td>\n",
       "      <td>0</td>\n",
       "      <td>1</td>\n",
       "      <td>115</td>\n",
       "      <td>1</td>\n",
       "      <td>1.2</td>\n",
       "      <td>1</td>\n",
       "      <td>1</td>\n",
       "    </tr>\n",
       "    <tr>\n",
       "      <th>916</th>\n",
       "      <td>57</td>\n",
       "      <td>0</td>\n",
       "      <td>1</td>\n",
       "      <td>130</td>\n",
       "      <td>236</td>\n",
       "      <td>0</td>\n",
       "      <td>0</td>\n",
       "      <td>174</td>\n",
       "      <td>0</td>\n",
       "      <td>0.0</td>\n",
       "      <td>1</td>\n",
       "      <td>1</td>\n",
       "    </tr>\n",
       "    <tr>\n",
       "      <th>917</th>\n",
       "      <td>38</td>\n",
       "      <td>1</td>\n",
       "      <td>2</td>\n",
       "      <td>138</td>\n",
       "      <td>175</td>\n",
       "      <td>0</td>\n",
       "      <td>1</td>\n",
       "      <td>173</td>\n",
       "      <td>0</td>\n",
       "      <td>0.0</td>\n",
       "      <td>2</td>\n",
       "      <td>0</td>\n",
       "    </tr>\n",
       "  </tbody>\n",
       "</table>\n",
       "<p>918 rows × 12 columns</p>\n",
       "</div>"
      ],
      "text/plain": [
       "     Age  Sex  ChestPainType  RestingBP  Cholesterol  FastingBS  RestingECG  \\\n",
       "0     40    1              1        140          289          0           1   \n",
       "1     49    0              2        160          180          0           1   \n",
       "2     37    1              1        130          283          0           2   \n",
       "3     48    0              0        138          214          0           1   \n",
       "4     54    1              2        150          195          0           1   \n",
       "..   ...  ...            ...        ...          ...        ...         ...   \n",
       "913   45    1              3        110          264          0           1   \n",
       "914   68    1              0        144          193          1           1   \n",
       "915   57    1              0        130          131          0           1   \n",
       "916   57    0              1        130          236          0           0   \n",
       "917   38    1              2        138          175          0           1   \n",
       "\n",
       "     MaxHR  ExerciseAngina  Oldpeak  ST_Slope  HeartDisease  \n",
       "0      172               0      0.0         2             0  \n",
       "1      156               0      1.0         1             1  \n",
       "2       98               0      0.0         2             0  \n",
       "3      108               1      1.5         1             1  \n",
       "4      122               0      0.0         2             0  \n",
       "..     ...             ...      ...       ...           ...  \n",
       "913    132               0      1.2         1             1  \n",
       "914    141               0      3.4         1             1  \n",
       "915    115               1      1.2         1             1  \n",
       "916    174               0      0.0         1             1  \n",
       "917    173               0      0.0         2             0  \n",
       "\n",
       "[918 rows x 12 columns]"
      ]
     },
     "execution_count": 9,
     "metadata": {},
     "output_type": "execute_result"
    }
   ],
   "source": [
    "df"
   ]
  },
  {
   "cell_type": "code",
   "execution_count": 10,
   "id": "b8e4a8ef",
   "metadata": {},
   "outputs": [],
   "source": [
    "X = df.iloc[:,[0,1,2,3,4,5,6,7,8,9,10]]\n",
    "y = df['HeartDisease']"
   ]
  },
  {
   "cell_type": "code",
   "execution_count": 11,
   "id": "c31ddfc3",
   "metadata": {},
   "outputs": [
    {
     "data": {
      "text/plain": [
       "0      0\n",
       "1      1\n",
       "2      0\n",
       "3      1\n",
       "4      0\n",
       "      ..\n",
       "913    1\n",
       "914    1\n",
       "915    1\n",
       "916    1\n",
       "917    0\n",
       "Name: HeartDisease, Length: 918, dtype: int64"
      ]
     },
     "execution_count": 11,
     "metadata": {},
     "output_type": "execute_result"
    }
   ],
   "source": [
    "y"
   ]
  },
  {
   "cell_type": "markdown",
   "id": "71d2586d",
   "metadata": {},
   "source": [
    "## train test 분할하기"
   ]
  },
  {
   "cell_type": "code",
   "execution_count": 14,
   "id": "33551ebb",
   "metadata": {},
   "outputs": [],
   "source": [
    "# 데이터 분할\n",
    "\n",
    "from sklearn.model_selection import train_test_split\n",
    "X_tn, X_te, y_tn, y_te = train_test_split(X, y, random_state = 0)"
   ]
  },
  {
   "cell_type": "markdown",
   "id": "985c79da",
   "metadata": {},
   "source": [
    "scale.fit 할 때에는 X전체가 아니라 X_tn을 넣는겁니다..."
   ]
  },
  {
   "cell_type": "code",
   "execution_count": 16,
   "id": "866c519b",
   "metadata": {},
   "outputs": [],
   "source": [
    "# 데이터 표준화\n",
    "\n",
    "from sklearn.preprocessing import StandardScaler\n",
    "std_scale = StandardScaler()\n",
    "std_scale.fit(X_tn)\n",
    "X_tn_std = std_scale.transform(X_tn)\n",
    "X_te_std = std_scale.transform(X_te)"
   ]
  },
  {
   "cell_type": "code",
   "execution_count": 17,
   "id": "426c03b0",
   "metadata": {},
   "outputs": [
    {
     "data": {
      "text/plain": [
       "RandomForestClassifier(max_depth=4, random_state=0)"
      ]
     },
     "execution_count": 17,
     "metadata": {},
     "output_type": "execute_result"
    }
   ],
   "source": [
    "# PCA 적용 전 예측 정확도\n",
    "\n",
    "from sklearn.ensemble import RandomForestClassifier\n",
    "clf_rf = RandomForestClassifier(max_depth = 4, random_state = 0)\n",
    "clf_rf.fit(X_tn_std, y_tn)"
   ]
  },
  {
   "cell_type": "code",
   "execution_count": 18,
   "id": "3d04e1bb",
   "metadata": {},
   "outputs": [
    {
     "name": "stdout",
     "output_type": "stream",
     "text": [
      "[1 1 1 1 0 0 0 0 0 0 1 1 1 1 0 1 1 1 1 0 1 1 1 1 0 0 1 1 1 1 1 0 0 0 1 0 1\n",
      " 0 1 0 0 1 1 0 1 0 0 1 1 0 1 0 0 1 1 1 1 0 1 0 1 1 1 0 1 1 1 1 1 0 1 1 0 1\n",
      " 1 1 1 0 1 1 1 1 0 0 1 0 1 1 1 0 1 1 0 0 1 0 1 0 0 0 1 1 1 1 1 1 0 0 0 1 0\n",
      " 1 1 1 1 1 1 0 1 1 1 1 1 0 0 0 0 0 0 1 0 1 1 1 1 0 1 1 0 0 0 1 0 1 0 0 1 1\n",
      " 1 1 0 1 1 0 1 0 1 1 1 0 0 1 1 0 1 1 1 0 1 1 1 1 0 0 1 0 1 1 0 1 1 0 0 1 1\n",
      " 1 0 1 1 0 0 1 1 1 1 1 0 1 1 0 1 1 1 1 1 0 0 0 1 0 1 1 0 1 0 1 1 1 1 1 1 0\n",
      " 1 1 1 1 0 1 1 1]\n"
     ]
    }
   ],
   "source": [
    "# 예측\n",
    "\n",
    "pred_rf = clf_rf.predict(X_te_std)\n",
    "print(pred_rf)"
   ]
  },
  {
   "cell_type": "markdown",
   "id": "f44e9620",
   "metadata": {},
   "source": [
    "정확도 확인"
   ]
  },
  {
   "cell_type": "code",
   "execution_count": 19,
   "id": "91ae286b",
   "metadata": {},
   "outputs": [
    {
     "name": "stdout",
     "output_type": "stream",
     "text": [
      "0.8521739130434782\n"
     ]
    }
   ],
   "source": [
    "# PCA 적용 전 정확도\n",
    "\n",
    "from sklearn.metrics import accuracy_score\n",
    "accuracy = accuracy_score(y_te, pred_rf)\n",
    "print(accuracy)"
   ]
  },
  {
   "cell_type": "markdown",
   "id": "9f9b6779",
   "metadata": {},
   "source": [
    "# 차원 축소 후 머신러닝"
   ]
  },
  {
   "cell_type": "code",
   "execution_count": 20,
   "id": "a14b9c5f",
   "metadata": {},
   "outputs": [],
   "source": [
    "# PCA \n",
    "\n",
    "from sklearn.decomposition import PCA\n",
    "pca = PCA(n_components = 2) # 주성분 2개를 뽑겠다\n",
    "pca.fit(X_tn_std)\n",
    "X_tn_pca = pca.transform(X_tn_std)\n",
    "X_te_pca = pca.transform(X_te_std)"
   ]
  },
  {
   "cell_type": "code",
   "execution_count": 21,
   "id": "70aa2dbb",
   "metadata": {},
   "outputs": [
    {
     "name": "stdout",
     "output_type": "stream",
     "text": [
      "(688, 11)\n",
      "(688, 2)\n"
     ]
    }
   ],
   "source": [
    "# 차원 축소 확인\n",
    "\n",
    "print(X_tn_std.shape)\n",
    "print(X_tn_pca.shape) # 차원축소 후"
   ]
  },
  {
   "cell_type": "markdown",
   "id": "4942876e",
   "metadata": {},
   "source": [
    "pca라는 함수를 썼지만, 내부가 어떻게 되었는지 몰라도 우리가 생각한 것과 다를 수 있다.\n",
    "\n",
    "그래서 공분산 행렬을 확인해본다."
   ]
  },
  {
   "cell_type": "code",
   "execution_count": 22,
   "id": "ad4696d1",
   "metadata": {},
   "outputs": [
    {
     "name": "stdout",
     "output_type": "stream",
     "text": [
      "[[ 0.9735729   0.10997523 -0.18494202  0.13467383 -0.07174325  0.11995984\n",
      "   0.035195   -0.26720744  0.29424107  0.27716993 -0.29902648]\n",
      " [ 0.10997523  0.86876372 -0.11051464  0.02388114 -0.17504918  0.15279762\n",
      "   0.11691139 -0.19099794  0.14087775  0.08697876 -0.1483497 ]\n",
      " [-0.18494202 -0.11051464  0.90499563 -0.09754013  0.10118363 -0.12676552\n",
      "  -0.05904904  0.23707833 -0.2400065  -0.21221663  0.24548083]\n",
      " [ 0.13467383  0.02388114 -0.09754013  0.85326223  0.04332776  0.01345873\n",
      "  -0.04031441 -0.12169242  0.17664702  0.19447687 -0.17633861]\n",
      " [-0.07174325 -0.17504918  0.10118363  0.04332776  1.06000794 -0.23333279\n",
      "  -0.21748586  0.21095461 -0.08872373  0.01096062  0.10087784]\n",
      " [ 0.11995984  0.15279762 -0.12676552  0.01345873 -0.23333279  0.94271789\n",
      "   0.15770922 -0.22679597  0.15298852  0.08040511 -0.16269479]\n",
      " [ 0.035195    0.11691139 -0.05904904 -0.04031441 -0.21748586  0.15770922\n",
      "   0.89986345 -0.13142788  0.04249652 -0.02728174 -0.05081429]\n",
      " [-0.26720744 -0.19099794  0.23707833 -0.12169242  0.21095461 -0.22679597\n",
      "  -0.13142788  1.11821414 -0.34572748 -0.28450709  0.35601397]\n",
      " [ 0.29424107  0.14087775 -0.2400065   0.17664702 -0.08872373  0.15298852\n",
      "   0.04249652 -0.34572748  1.13048737  0.36230061 -0.38906374]\n",
      " [ 0.27716993  0.08697876 -0.21221663  0.19447687  0.01096062  0.08040511\n",
      "  -0.02728174 -0.28450709  0.36230061  1.12103258 -0.3645366 ]\n",
      " [-0.29902648 -0.1483497   0.24548083 -0.17633861  0.10087784 -0.16269479\n",
      "  -0.05081429  0.35601397 -0.38906374 -0.3645366   1.14309378]]\n"
     ]
    }
   ],
   "source": [
    "# cov 확인\n",
    "\n",
    "print(pca.get_covariance())"
   ]
  },
  {
   "cell_type": "code",
   "execution_count": 23,
   "id": "699962dc",
   "metadata": {},
   "outputs": [
    {
     "data": {
      "text/plain": [
       "(11, 11)"
      ]
     },
     "execution_count": 23,
     "metadata": {},
     "output_type": "execute_result"
    }
   ],
   "source": [
    "pca.get_covariance().shape"
   ]
  },
  {
   "cell_type": "markdown",
   "id": "f61d7835",
   "metadata": {},
   "source": [
    "우리가 데이터 표준화를 했으면 분산이 1이어야 하고 공분산 행렬의 주대각선이 1이 나와야 하는데 1이 아니다...\n",
    "\n",
    "라이브러리를 썼을때 편하지만, 왜그런지 모르는 것을 모르게 된다는게 문제다.\n",
    "\n",
    "스스로 만든다면 다 설명할 수 있지만 시간이 오래걸린다.\n",
    "\n"
   ]
  },
  {
   "cell_type": "code",
   "execution_count": 28,
   "id": "483353b7",
   "metadata": {},
   "outputs": [
    {
     "name": "stdout",
     "output_type": "stream",
     "text": [
      "[44.17302547 31.5447107 ]\n"
     ]
    }
   ],
   "source": [
    "# 고유값 확인\n",
    "\n",
    "# 데이터 프레임을 특잇값 분해를 한것\n",
    "# X^T X의 고유값에 루트취한 것\n",
    "# 2차원으로 줄였기 때문에 2개\n",
    "# 각각이 람다1 람다2가 된다\n",
    "\n",
    "print(pca.singular_values_)"
   ]
  },
  {
   "cell_type": "code",
   "execution_count": 29,
   "id": "fc7f6816",
   "metadata": {},
   "outputs": [
    {
     "name": "stdout",
     "output_type": "stream",
     "text": [
      "[[ 0.3220314   0.19267434 -0.27434608  0.16969492 -0.17668292  0.22106568\n",
      "   0.10317289 -0.41303016  0.4179048   0.36935405 -0.42745521]\n",
      " [-0.11370404  0.24937924  0.00061966 -0.25482633 -0.59385394  0.36417721\n",
      "   0.43083002 -0.13989736 -0.15807412 -0.35442382  0.1373592 ]]\n"
     ]
    }
   ],
   "source": [
    "# 고유벡터 확인\n",
    "\n",
    "# 위에 해당하는애들의 고유벡터를 뽑는다. \n",
    "\n",
    "print(pca.components_)"
   ]
  },
  {
   "cell_type": "code",
   "execution_count": 31,
   "id": "d30ea6c2",
   "metadata": {},
   "outputs": [
    {
     "name": "stdout",
     "output_type": "stream",
     "text": [
      "[2.84025645 1.44842616]\n"
     ]
    }
   ],
   "source": [
    "# 설명된 분산\n",
    "\n",
    "# 람다를 다 더하고 뽑은 두 람다에 각각 나눈것. 람다1에 나눈것 람다2에 나눈것.\n",
    "\n",
    "print(pca.explained_variance_)"
   ]
  },
  {
   "cell_type": "code",
   "execution_count": 33,
   "id": "9772caf1",
   "metadata": {},
   "outputs": [
    {
     "name": "stdout",
     "output_type": "stream",
     "text": [
      "[0.25782983 0.13148372]\n"
     ]
    }
   ],
   "source": [
    "# 설명된 분산 비율\n",
    "\n",
    "print(pca.explained_variance_ratio_)"
   ]
  },
  {
   "cell_type": "code",
   "execution_count": 34,
   "id": "2648ee2b",
   "metadata": {},
   "outputs": [],
   "source": [
    "# PCA 적용 후 학습\n",
    "# 들어가는게 pca로 줄인게 들어간다.\n",
    "\n",
    "from sklearn.ensemble import RandomForestClassifier\n",
    "clf_rf_pca = RandomForestClassifier(max_depth = 4, random_state = 0)\n",
    "clf_rf_pca.fit(X_tn_pca, y_tn)\n",
    "\n",
    "# 예측\n",
    "\n",
    "pred_rf_pca = clf_rf_pca.predict(X_te_pca)"
   ]
  },
  {
   "cell_type": "code",
   "execution_count": 35,
   "id": "dc8a403b",
   "metadata": {},
   "outputs": [
    {
     "name": "stdout",
     "output_type": "stream",
     "text": [
      "0.8391304347826087\n"
     ]
    }
   ],
   "source": [
    "# PCA 적용 후 정확도\n",
    "\n",
    "from sklearn.metrics import accuracy_score\n",
    "accuracy_pca = accuracy_score(y_te, pred_rf_pca)\n",
    "print(accuracy_pca)"
   ]
  },
  {
   "cell_type": "markdown",
   "id": "bf0d4dec",
   "metadata": {},
   "source": [
    "2% 차이밖에 안난다. !"
   ]
  },
  {
   "cell_type": "markdown",
   "id": "89c83408",
   "metadata": {},
   "source": [
    "큰 회사일 수록 라이브러리에 대한 의존도가 낮다.\n",
    "\n",
    "라이브러리가 업데이트가 되면 안에 함수가 바뀌기도 하는데 서비스를 하고 있을 경우 큰 문제 발생할 수도."
   ]
  },
  {
   "cell_type": "markdown",
   "id": "f5f23515",
   "metadata": {},
   "source": [
    "그러니 직접 만들어봅시다.\n",
    "\n",
    "선형대수의 핵심은 공분산행렬이다.\n",
    "\n",
    "실제로 공분산행렬 만들기!\n",
    "\n",
    "넘파이는 행을 피처라고 생각한다. 그래서 옵션을 넣어야 한다.rowvar=0\n",
    "\n",
    "아니면 .T 해서 전치시켜서 넣던가.\n",
    "\n"
   ]
  },
  {
   "cell_type": "markdown",
   "id": "37f89f4b",
   "metadata": {},
   "source": [
    "## 핸드메이드 공분산행렬"
   ]
  },
  {
   "cell_type": "code",
   "execution_count": 36,
   "id": "3703c4eb",
   "metadata": {
    "scrolled": true
   },
   "outputs": [
    {
     "data": {
      "text/plain": [
       "array([[ 1.        ,  0.0381725 , -0.03725427,  0.27230563, -0.08939555,\n",
       "         0.2071084 , -0.02224447, -0.39993483,  0.21013146,  0.26876045,\n",
       "        -0.27126716],\n",
       "       [ 0.0381725 ,  1.        , -0.11916638,  0.01943649, -0.18917338,\n",
       "         0.10892681,  0.05977994, -0.17851352,  0.16582652,  0.10227826,\n",
       "        -0.14273195],\n",
       "       [-0.03725427, -0.11916638,  1.        , -0.03297727,  0.06272476,\n",
       "        -0.0830576 , -0.06411014,  0.27870774, -0.36054444, -0.18082325,\n",
       "         0.22118665],\n",
       "       [ 0.27230563,  0.01943649, -0.03297727,  1.        ,  0.10975234,\n",
       "         0.0806705 ,  0.04283563, -0.13558801,  0.15270691,  0.15556467,\n",
       "        -0.07242781],\n",
       "       [-0.08939555, -0.18917338,  0.06272476,  0.10975234,  1.        ,\n",
       "        -0.27671844, -0.19572181,  0.2448315 , -0.05106301,  0.03000266,\n",
       "         0.15871787],\n",
       "       [ 0.2071084 ,  0.10892681, -0.0830576 ,  0.0806705 , -0.27671844,\n",
       "         1.        ,  0.1314984 , -0.16571987,  0.10391309,  0.05807997,\n",
       "        -0.20110308],\n",
       "       [-0.02224447,  0.05977994, -0.06411014,  0.04283563, -0.19572181,\n",
       "         0.1314984 ,  1.        , -0.18498635,  0.07887516, -0.0176744 ,\n",
       "         0.01465174],\n",
       "       [-0.39993483, -0.17851352,  0.27870774, -0.13558801,  0.2448315 ,\n",
       "        -0.16571987, -0.18498635,  1.        , -0.39692301, -0.21377257,\n",
       "         0.35537499],\n",
       "       [ 0.21013146,  0.16582652, -0.36054444,  0.15270691, -0.05106301,\n",
       "         0.10391309,  0.07887516, -0.39692301,  1.        ,  0.41436209,\n",
       "        -0.43457404],\n",
       "       [ 0.26876045,  0.10227826, -0.18082325,  0.15556467,  0.03000266,\n",
       "         0.05807997, -0.0176744 , -0.21377257,  0.41436209,  1.        ,\n",
       "        -0.53513338],\n",
       "       [-0.27126716, -0.14273195,  0.22118665, -0.07242781,  0.15871787,\n",
       "        -0.20110308,  0.01465174,  0.35537499, -0.43457404, -0.53513338,\n",
       "         1.        ]])"
      ]
     },
     "execution_count": 36,
     "metadata": {},
     "output_type": "execute_result"
    }
   ],
   "source": [
    "(1/688)*((X_tn_std.T)@X_tn_std)"
   ]
  },
  {
   "cell_type": "markdown",
   "id": "90bc531b",
   "metadata": {},
   "source": [
    "## 넘파이 공분산행렬 "
   ]
  },
  {
   "cell_type": "code",
   "execution_count": 37,
   "id": "d876d2e4",
   "metadata": {},
   "outputs": [
    {
     "data": {
      "text/plain": [
       "array([[ 0.96740562, -0.14977211,  0.1754639 , ...,  0.47501966,\n",
       "        -0.72907323,  0.27330941],\n",
       "       [-0.14977211,  1.11065599,  0.15628087, ..., -0.61227619,\n",
       "         0.50875462, -0.49018736],\n",
       "       [ 0.1754639 ,  0.15628087,  0.73689921, ...,  0.17490777,\n",
       "         0.34038763, -0.44664571],\n",
       "       ...,\n",
       "       [ 0.47501966, -0.61227619,  0.17490777, ...,  1.03362366,\n",
       "        -0.54522845,  0.14923161],\n",
       "       [-0.72907323,  0.50875462,  0.34038763, ..., -0.54522845,\n",
       "         1.98786887, -0.76739353],\n",
       "       [ 0.27330941, -0.49018736, -0.44664571, ...,  0.14923161,\n",
       "        -0.76739353,  0.73052811]])"
      ]
     },
     "execution_count": 37,
     "metadata": {},
     "output_type": "execute_result"
    }
   ],
   "source": [
    "import numpy as np\n",
    "np.cov(X_tn_std)"
   ]
  },
  {
   "cell_type": "code",
   "execution_count": 38,
   "id": "0203cc4a",
   "metadata": {},
   "outputs": [
    {
     "data": {
      "text/plain": [
       "(688, 688)"
      ]
     },
     "execution_count": 38,
     "metadata": {},
     "output_type": "execute_result"
    }
   ],
   "source": [
    "np.cov(X_tn_std).shape"
   ]
  },
  {
   "cell_type": "code",
   "execution_count": 39,
   "id": "bd4de20d",
   "metadata": {
    "scrolled": true
   },
   "outputs": [
    {
     "data": {
      "text/plain": [
       "array([[ 1.0014556 ,  0.03822807, -0.0373085 ,  0.272702  , -0.08952568,\n",
       "         0.20740987, -0.02227685, -0.40051698,  0.21043733,  0.26915166,\n",
       "        -0.27166201],\n",
       "       [ 0.03822807,  1.0014556 , -0.11933984,  0.01946478, -0.18944875,\n",
       "         0.10908536,  0.05986695, -0.17877336,  0.1660679 ,  0.10242714,\n",
       "        -0.14293971],\n",
       "       [-0.0373085 , -0.11933984,  1.0014556 , -0.03302527,  0.06281606,\n",
       "        -0.0831785 , -0.06420346,  0.27911343, -0.36106925, -0.18108645,\n",
       "         0.22150861],\n",
       "       [ 0.272702  ,  0.01946478, -0.03302527,  1.0014556 ,  0.1099121 ,\n",
       "         0.08078792,  0.04289798, -0.13578538,  0.15292919,  0.15579111,\n",
       "        -0.07253324],\n",
       "       [-0.08952568, -0.18944875,  0.06281606,  0.1099121 ,  1.0014556 ,\n",
       "        -0.27712123, -0.19600671,  0.24518788, -0.05113734,  0.03004634,\n",
       "         0.1589489 ],\n",
       "       [ 0.20740987,  0.10908536, -0.0831785 ,  0.08078792, -0.27712123,\n",
       "         1.0014556 ,  0.13168981, -0.16596109,  0.10406435,  0.05816451,\n",
       "        -0.20139581],\n",
       "       [-0.02227685,  0.05986695, -0.06420346,  0.04289798, -0.19600671,\n",
       "         0.13168981,  1.0014556 , -0.18525562,  0.07898997, -0.01770013,\n",
       "         0.01467306],\n",
       "       [-0.40051698, -0.17877336,  0.27911343, -0.13578538,  0.24518788,\n",
       "        -0.16596109, -0.18525562,  1.0014556 , -0.39750077, -0.21408374,\n",
       "         0.35589228],\n",
       "       [ 0.21043733,  0.1660679 , -0.36106925,  0.15292919, -0.05113734,\n",
       "         0.10406435,  0.07898997, -0.39750077,  1.0014556 ,  0.41496524,\n",
       "        -0.43520661],\n",
       "       [ 0.26915166,  0.10242714, -0.18108645,  0.15579111,  0.03004634,\n",
       "         0.05816451, -0.01770013, -0.21408374,  0.41496524,  1.0014556 ,\n",
       "        -0.53591232],\n",
       "       [-0.27166201, -0.14293971,  0.22150861, -0.07253324,  0.1589489 ,\n",
       "        -0.20139581,  0.01467306,  0.35589228, -0.43520661, -0.53591232,\n",
       "         1.0014556 ]])"
      ]
     },
     "execution_count": 39,
     "metadata": {},
     "output_type": "execute_result"
    }
   ],
   "source": [
    "np.cov(X_tn_std.T) # = rowvar = 0 이라는 옵션을 넣어준것과 같음."
   ]
  },
  {
   "cell_type": "code",
   "execution_count": 40,
   "id": "aef32ffa",
   "metadata": {},
   "outputs": [
    {
     "data": {
      "text/plain": [
       "(11, 11)"
      ]
     },
     "execution_count": 40,
     "metadata": {},
     "output_type": "execute_result"
    }
   ],
   "source": [
    "np.cov(X_tn_std.T).shape"
   ]
  },
  {
   "cell_type": "markdown",
   "id": "8ac0e167",
   "metadata": {},
   "source": [
    "라이브러리를 쓸 때는 내가 생각한 것과 다를 수도 있음을 항상 주의하자.\n",
    "\n",
    "미세하게 다른 차이! numpy는 n-1로 나누었고 우리는 n으로 나누었다.\n",
    "\n",
    "만약 넘파이로 할 때 우리가 한 것처럼 구하려면 bias = 1 즉 n으로 나누도록 한다.\n",
    "\n",
    "n으로 나누면 bias가 1이 생기는 것이라 그런것이다. "
   ]
  },
  {
   "cell_type": "code",
   "execution_count": 41,
   "id": "bf642682",
   "metadata": {
    "scrolled": true
   },
   "outputs": [
    {
     "data": {
      "text/plain": [
       "array([[ 1.        ,  0.0381725 , -0.03725427,  0.27230563, -0.08939555,\n",
       "         0.2071084 , -0.02224447, -0.39993483,  0.21013146,  0.26876045,\n",
       "        -0.27126716],\n",
       "       [ 0.0381725 ,  1.        , -0.11916638,  0.01943649, -0.18917338,\n",
       "         0.10892681,  0.05977994, -0.17851352,  0.16582652,  0.10227826,\n",
       "        -0.14273195],\n",
       "       [-0.03725427, -0.11916638,  1.        , -0.03297727,  0.06272476,\n",
       "        -0.0830576 , -0.06411014,  0.27870774, -0.36054444, -0.18082325,\n",
       "         0.22118665],\n",
       "       [ 0.27230563,  0.01943649, -0.03297727,  1.        ,  0.10975234,\n",
       "         0.0806705 ,  0.04283563, -0.13558801,  0.15270691,  0.15556467,\n",
       "        -0.07242781],\n",
       "       [-0.08939555, -0.18917338,  0.06272476,  0.10975234,  1.        ,\n",
       "        -0.27671844, -0.19572181,  0.2448315 , -0.05106301,  0.03000266,\n",
       "         0.15871787],\n",
       "       [ 0.2071084 ,  0.10892681, -0.0830576 ,  0.0806705 , -0.27671844,\n",
       "         1.        ,  0.1314984 , -0.16571987,  0.10391309,  0.05807997,\n",
       "        -0.20110308],\n",
       "       [-0.02224447,  0.05977994, -0.06411014,  0.04283563, -0.19572181,\n",
       "         0.1314984 ,  1.        , -0.18498635,  0.07887516, -0.0176744 ,\n",
       "         0.01465174],\n",
       "       [-0.39993483, -0.17851352,  0.27870774, -0.13558801,  0.2448315 ,\n",
       "        -0.16571987, -0.18498635,  1.        , -0.39692301, -0.21377257,\n",
       "         0.35537499],\n",
       "       [ 0.21013146,  0.16582652, -0.36054444,  0.15270691, -0.05106301,\n",
       "         0.10391309,  0.07887516, -0.39692301,  1.        ,  0.41436209,\n",
       "        -0.43457404],\n",
       "       [ 0.26876045,  0.10227826, -0.18082325,  0.15556467,  0.03000266,\n",
       "         0.05807997, -0.0176744 , -0.21377257,  0.41436209,  1.        ,\n",
       "        -0.53513338],\n",
       "       [-0.27126716, -0.14273195,  0.22118665, -0.07242781,  0.15871787,\n",
       "        -0.20110308,  0.01465174,  0.35537499, -0.43457404, -0.53513338,\n",
       "         1.        ]])"
      ]
     },
     "execution_count": 41,
     "metadata": {},
     "output_type": "execute_result"
    }
   ],
   "source": [
    "np.cov(X_tn_std, rowvar = 0, bias = 1)"
   ]
  },
  {
   "cell_type": "markdown",
   "id": "7e13873e",
   "metadata": {},
   "source": [
    "n-1을 하면 바이아스는 1이 없지만 효율성이 떨어진다\n",
    "\n",
    "n을 하면 편향이 1이 있지만 효율성이 낫다."
   ]
  },
  {
   "cell_type": "markdown",
   "id": "507a028e",
   "metadata": {},
   "source": [
    "공식문서를 보니 이 모델에서 코베리언스는 noise variance를 포함한다고 하는데, 그것에 대해서는 모르는 것이다.....\n",
    "\n",
    "소스코드를 까도 ....? 싶은 것이다. \n",
    "\n",
    "근데 파이썬은 이정도도 잘되있는 것이다. "
   ]
  },
  {
   "cell_type": "markdown",
   "id": "ac70e080",
   "metadata": {},
   "source": [
    "# 고윳값 분해, 특이값 분해"
   ]
  },
  {
   "cell_type": "markdown",
   "id": "aac4e5b3",
   "metadata": {},
   "source": [
    "차원 축소 후 머신러닝\n"
   ]
  },
  {
   "cell_type": "code",
   "execution_count": 42,
   "id": "5c6f3453",
   "metadata": {},
   "outputs": [],
   "source": [
    "u, s, vh = np.linalg.svd(X_tn_std)\n",
    "\n",
    "# h 붙은건 Transpose 됐다는 것"
   ]
  },
  {
   "cell_type": "code",
   "execution_count": 43,
   "id": "b8338748",
   "metadata": {},
   "outputs": [],
   "source": [
    "v = np.transpose(vh) # 원래 v"
   ]
  },
  {
   "cell_type": "code",
   "execution_count": 44,
   "id": "9d2df5d7",
   "metadata": {},
   "outputs": [
    {
     "data": {
      "text/plain": [
       "array([44.17302547, 31.5447107 , 28.48301371, 26.36355891, 24.81613688,\n",
       "       23.7624007 , 23.50809329, 20.49751641, 19.2731452 , 18.00370448,\n",
       "       16.32474418])"
      ]
     },
     "execution_count": 44,
     "metadata": {},
     "output_type": "execute_result"
    }
   ],
   "source": [
    "s # 특잇값(고윳값에 루트를 취한 것)"
   ]
  },
  {
   "cell_type": "code",
   "execution_count": 45,
   "id": "327da35f",
   "metadata": {
    "scrolled": true
   },
   "outputs": [
    {
     "data": {
      "text/plain": [
       "array([[-3.22031399e-01,  1.13704044e-01, -5.26178404e-01,\n",
       "         1.41742713e-01, -1.48845897e-02, -2.51617409e-01,\n",
       "         3.09955807e-01,  2.79955868e-01,  3.15258391e-01,\n",
       "        -3.95344945e-01, -3.04542638e-01],\n",
       "       [-1.92674336e-01, -2.49379236e-01,  2.28515748e-01,\n",
       "         1.03844223e-01,  8.77752606e-01,  1.13789914e-01,\n",
       "         3.22077171e-02,  2.03598649e-01,  9.26662168e-02,\n",
       "        -1.99006183e-04, -5.66474312e-02],\n",
       "       [ 2.74346082e-01, -6.19661406e-04, -4.35655100e-01,\n",
       "         3.59538311e-01,  8.64828877e-02,  5.19983538e-01,\n",
       "         3.20858719e-01,  8.12606545e-02, -4.59288747e-01,\n",
       "         3.29779668e-02,  7.88745846e-02],\n",
       "       [-1.69694921e-01,  2.54826330e-01, -5.34954305e-01,\n",
       "        -4.00511223e-01,  3.44737045e-01,  5.00249633e-02,\n",
       "        -2.59931577e-01, -4.97135286e-01, -4.61923808e-02,\n",
       "         1.46512712e-01, -5.29819504e-03],\n",
       "       [ 1.76682920e-01,  5.93853941e-01,  1.02217145e-02,\n",
       "        -2.62200196e-01,  8.15766427e-02,  4.18033299e-02,\n",
       "        -1.61007983e-01,  6.67258183e-01, -3.33900842e-02,\n",
       "         2.52011373e-01, -5.55271621e-02],\n",
       "       [-2.21065678e-01, -3.64177215e-01, -3.04666855e-01,\n",
       "         2.48106796e-01, -1.19669301e-01, -5.01965653e-02,\n",
       "        -7.04492017e-01,  3.21696846e-01, -1.30706282e-01,\n",
       "         4.84422872e-02,  1.67502121e-01],\n",
       "       [-1.03172895e-01, -4.30830021e-01, -6.12621587e-02,\n",
       "        -5.92823059e-01, -2.08367380e-01,  5.46404047e-01,\n",
       "         8.55584381e-02,  1.98796224e-01,  1.76381810e-01,\n",
       "        -3.47378575e-02, -1.65580258e-01],\n",
       "       [ 4.13030157e-01,  1.39897359e-01,  7.77977412e-02,\n",
       "         1.65820940e-01,  5.33896284e-02,  2.93154929e-01,\n",
       "        -4.46652456e-01, -1.44281417e-01,  1.97101850e-01,\n",
       "        -4.88876935e-01, -4.35120834e-01],\n",
       "       [-4.17904799e-01,  1.58074117e-01,  2.43318713e-01,\n",
       "        -1.80763116e-01, -3.13842236e-02,  1.70353710e-02,\n",
       "        -3.44583487e-02,  2.82267067e-02, -6.80563150e-01,\n",
       "        -4.80417925e-01, -1.06122435e-01],\n",
       "       [-3.69354049e-01,  3.54423818e-01,  1.15100309e-01,\n",
       "         1.79150279e-01, -8.00693274e-02,  4.52235702e-01,\n",
       "        -3.70386486e-02, -4.34872951e-02,  3.57230084e-01,\n",
       "        -1.80500259e-01,  5.64121910e-01],\n",
       "       [ 4.27455213e-01, -1.37359200e-01, -1.40575146e-01,\n",
       "        -3.24709915e-01,  1.68424813e-01, -2.39339541e-01,\n",
       "         2.76558070e-02,  1.21153679e-01, -2.64278334e-03,\n",
       "        -5.01700433e-01,  5.66050254e-01]])"
      ]
     },
     "execution_count": 45,
     "metadata": {},
     "output_type": "execute_result"
    }
   ],
   "source": [
    "v # 고유벡터"
   ]
  },
  {
   "cell_type": "markdown",
   "id": "b90aa8e7",
   "metadata": {},
   "source": [
    "### $ X^TX $ 먼저 구하기\n",
    "\n",
    "대칭행렬인 상황에서는 고윳값분해든 특잇값분해든 뭘 쓰든 상관이 없음"
   ]
  },
  {
   "cell_type": "code",
   "execution_count": 46,
   "id": "9c00adf1",
   "metadata": {},
   "outputs": [],
   "source": [
    "# 특이값 분해\n",
    "\n",
    "X_tn_std_t = np.transpose(X_tn_std)\n",
    "XtX = X_tn_std_t.dot(X_tn_std)"
   ]
  },
  {
   "cell_type": "code",
   "execution_count": 47,
   "id": "a0a60d71",
   "metadata": {},
   "outputs": [],
   "source": [
    "u2, s2, vh2 = np.linalg.svd(XtX)"
   ]
  },
  {
   "cell_type": "code",
   "execution_count": 48,
   "id": "6d8a5d68",
   "metadata": {
    "scrolled": true
   },
   "outputs": [
    {
     "data": {
      "text/plain": [
       "array([1951.2561796 ,  995.06877299,  811.28206973,  695.03723839,\n",
       "        615.84064945,  564.65168722,  552.63045002,  420.14817906,\n",
       "        371.45412606,  324.133375  ,  266.49727248])"
      ]
     },
     "execution_count": 48,
     "metadata": {},
     "output_type": "execute_result"
    }
   ],
   "source": [
    "s2"
   ]
  },
  {
   "cell_type": "markdown",
   "id": "9fd6bded",
   "metadata": {},
   "source": [
    "고유값이 엄청 큰 이유는 같은 것들을 곱했기 때문이다. \n",
    "\n",
    "여기에 루트를 취하면 특잇값이 된다."
   ]
  },
  {
   "cell_type": "code",
   "execution_count": 49,
   "id": "f7d9764b",
   "metadata": {
    "scrolled": true
   },
   "outputs": [
    {
     "data": {
      "text/plain": [
       "array([[-3.22031399e-01,  1.13704044e-01, -5.26178404e-01,\n",
       "         1.41742713e-01, -1.48845897e-02,  2.51617409e-01,\n",
       "         3.09955807e-01, -2.79955868e-01,  3.15258391e-01,\n",
       "         3.95344945e-01, -3.04542638e-01],\n",
       "       [-1.92674336e-01, -2.49379236e-01,  2.28515748e-01,\n",
       "         1.03844223e-01,  8.77752606e-01, -1.13789914e-01,\n",
       "         3.22077171e-02, -2.03598649e-01,  9.26662168e-02,\n",
       "         1.99006183e-04, -5.66474312e-02],\n",
       "       [ 2.74346082e-01, -6.19661406e-04, -4.35655100e-01,\n",
       "         3.59538311e-01,  8.64828877e-02, -5.19983538e-01,\n",
       "         3.20858719e-01, -8.12606545e-02, -4.59288747e-01,\n",
       "        -3.29779668e-02,  7.88745846e-02],\n",
       "       [-1.69694921e-01,  2.54826330e-01, -5.34954305e-01,\n",
       "        -4.00511223e-01,  3.44737045e-01, -5.00249633e-02,\n",
       "        -2.59931577e-01,  4.97135286e-01, -4.61923808e-02,\n",
       "        -1.46512712e-01, -5.29819504e-03],\n",
       "       [ 1.76682920e-01,  5.93853941e-01,  1.02217145e-02,\n",
       "        -2.62200196e-01,  8.15766427e-02, -4.18033299e-02,\n",
       "        -1.61007983e-01, -6.67258183e-01, -3.33900842e-02,\n",
       "        -2.52011373e-01, -5.55271621e-02],\n",
       "       [-2.21065678e-01, -3.64177215e-01, -3.04666855e-01,\n",
       "         2.48106796e-01, -1.19669301e-01,  5.01965653e-02,\n",
       "        -7.04492017e-01, -3.21696846e-01, -1.30706282e-01,\n",
       "        -4.84422872e-02,  1.67502121e-01],\n",
       "       [-1.03172895e-01, -4.30830021e-01, -6.12621587e-02,\n",
       "        -5.92823059e-01, -2.08367380e-01, -5.46404047e-01,\n",
       "         8.55584381e-02, -1.98796224e-01,  1.76381810e-01,\n",
       "         3.47378575e-02, -1.65580258e-01],\n",
       "       [ 4.13030157e-01,  1.39897359e-01,  7.77977412e-02,\n",
       "         1.65820940e-01,  5.33896284e-02, -2.93154929e-01,\n",
       "        -4.46652456e-01,  1.44281417e-01,  1.97101850e-01,\n",
       "         4.88876935e-01, -4.35120834e-01],\n",
       "       [-4.17904799e-01,  1.58074117e-01,  2.43318713e-01,\n",
       "        -1.80763116e-01, -3.13842236e-02, -1.70353710e-02,\n",
       "        -3.44583487e-02, -2.82267067e-02, -6.80563150e-01,\n",
       "         4.80417925e-01, -1.06122435e-01],\n",
       "       [-3.69354049e-01,  3.54423818e-01,  1.15100309e-01,\n",
       "         1.79150279e-01, -8.00693274e-02, -4.52235702e-01,\n",
       "        -3.70386486e-02,  4.34872951e-02,  3.57230084e-01,\n",
       "         1.80500259e-01,  5.64121910e-01],\n",
       "       [ 4.27455213e-01, -1.37359200e-01, -1.40575146e-01,\n",
       "        -3.24709915e-01,  1.68424813e-01,  2.39339541e-01,\n",
       "         2.76558070e-02, -1.21153679e-01, -2.64278334e-03,\n",
       "         5.01700433e-01,  5.66050254e-01]])"
      ]
     },
     "execution_count": 49,
     "metadata": {},
     "output_type": "execute_result"
    }
   ],
   "source": [
    "u2"
   ]
  },
  {
   "cell_type": "markdown",
   "id": "1341458d",
   "metadata": {},
   "source": [
    "### $ XX^T $ 구하기\n",
    "\n"
   ]
  },
  {
   "cell_type": "code",
   "execution_count": 50,
   "id": "f3c6d210",
   "metadata": {},
   "outputs": [],
   "source": [
    "XXt = X_tn_std.dot(X_tn_std_t)"
   ]
  },
  {
   "cell_type": "code",
   "execution_count": 51,
   "id": "6ff86e85",
   "metadata": {},
   "outputs": [],
   "source": [
    "u3, s3, vh3 = np.linalg.svd(XXt)"
   ]
  },
  {
   "cell_type": "code",
   "execution_count": 52,
   "id": "db04e986",
   "metadata": {},
   "outputs": [
    {
     "data": {
      "text/plain": [
       "array([[-0.04213585, -0.00703311, -0.02840134, ..., -0.05194362,\n",
